<?xml version="1.0"?>
<opencv_storage>
<ipmMat type_id="opencv-matrix">
  <rows>3</rows>
  <cols>3</cols>
  <dt>d</dt>
  <data>
    -2.7122377221505452e-03 5.4728941969800733e-05
    2.5326445690633346e+00 3.9519891036905940e-05
    -2.2370489879243124e-03 -1.3371746692782436e+00
    2.4097018179760652e-05 -1.7114335855641630e-03 1.</data></ipmMat>
</opencv_storage>
